37
42
12
20
16
13
20
19
11
11
22
20
9
11
19
14
14
30
32
20
21
-1
1
1
22
29
26
26
21
20
14
26
31
11
16
30
25
29
24
7
6
12
17
20
26
6
19
33
39
12
12
23
15
11
28
43
21
31
46
17
19
5
22
41
49
25
14
31
48
39
29
29
25
27
38
36
43
25
22
39
35
35
28
13
7
8
5
11
23
36
33
27
26
42
44
27
37
39
37
40
55
48
45
39
36
48
38
37
45
47
27
27
48
59
61
62
64
63
40
37
43
50
57
47
31
40
43
43
39
38
47
49
49
56
60
60
58
61
58
56
56
56
62
63
61
64
63
63
66
68
67
69
40
36
43
55
58
61
66
68
66
68
65
55
55
51
58
64
62
58
58
64
67
70
67
59
57
61
69
59
53
47
57
68
65
60
69
68
70
62
57
69
67
60
52
57
58
62
68
70
72
74
77
70
71
72
67
59
64
72
61
64
64
59
65
66
65
67
73
67
70
62
53
52
65
68
67
64
60
66
65
65
69
55
51
60
70
69
71
67
50
54
57
59
60
62
67
68
59
68
70
68
68
65
62
62
65
60
41
46
49
50
60
63
68
69
67
67
67
68
69
64
54
51
46
43
47
46
38
41
48
53
56
55
56
62
61
39
40
42
46
61
54
39
39
40
47
39
47
48
28
33
29
34
36
36
42
33
25
34
42
44
46
49
26
30
34
47
51
54
30
20
29
47
48
48
52
33
36
39
44
51
56
34
26
29
28
39
47
56
53
27
34
24
17
22
20
31
43
28
24
16
27
36
49
42
40
21
28
26
44
23
17
33
38
31
8
8
14
13
18
19
22
6
3
11
16
15
20
27
31
38
37
34
22
23
21
19
36
53
27
19
17
-1
4
4
12
20
28
15
25
21
10
12
22
29
20
15
14
18
24
24
19
23
23
20
19
27
35
33
29
23
25
27
25
30
32
21
19
11
19
22
25
33
43
43
46
45
40
28
28
30
32
35
41
56
43
28
39
34
15
39
52
38
40
44
46
46
45
51
56
49
55
45
26
40
28
39
37
39
49
42
32
33
37
49
48
30
30
47
50
42
25
28
42
56
67
66
52
48
50
41
45
28
22
33
47
42
61
49
43
45
48
49
51
54
59
62
63
61
60
60
55
61
60
65
67
65
67
66
68
64
43
40
56
59
53
63
71
65
60
65
62
55
63
66
60
64
67
69
61
65
70
72
62
43
43
45
53
57
63
64
64
71
70
71
62
67
73
72
70
71
67
68
71
69
70
63
70
74
70
57
59
69
69
54
56
63
61
66
72
71
63
55
66
69
69
68
71
60
57
67
72
64
64
63
61
63
72
63
60
61
58
51
53
59
58
61
64
66
65
50
44
51
62
53
46
48
48
58
57
51
44
60
59
50
57
44
46
63
65
67
58
54
66
68
55
70
60
43
46
48
49
47
47
44
45
37
55
55
39
47
37
34
40
37
46
45
41
30
36
48
57
60
67
55
33
32
33
25
27
34
46
39
31
26
29
36
37
25
18
30
38
46
51
45
36
29
35
32
46
44
20
27
42
19
24
28
47
52
20
18
20
15
15
14
10
10
17
26
46
19
3
7
15
16
16
16
15
15
18
15
16
18
20
12
13
19
23
25
1
24
15
14
26
21
36
21
15
25
25
16
26
6
8
-5
-1
21
26
12
7
12
22
15
3
10
20
30
16
20
7
24
29
31
18
2
10
26
33
21
35
46
32
26
24
17
14
12
36
30
6
15
28
8
6
13
28
42
23
27
17
2
7
22
33
46
48
38
33
43
12
17
28
37
37
34
38
41
28
14
26
3
5
21
42
43
47
50
29
31
46
51
55
31
29
49
24
24
27
42
43
14
19
44
42
30
30
33
38
46
49
42
33
38
53
52
54
51
44
45
61
57
55
52
52
53
61
56
62
39
40
37
40
55
64
65
51
30
35
43
46
58
62
65
60
47
56
62
61
52
49
41
62
62
56
56
58
60
65
66
64
64
67
65
61
59
57
55
63
62
66
62
63
60
64
66
67
62
59
58
61
63
64
59
54
53
55
58
52
56
56
60
62
53
47
54
66
69
60
54
60
65
66
69
62
65
67
69
70
73
69
71
67
71
63
67
70
60
55
58
70
70
68
69
69
66
68
67
67
69
71
73
73
72
70
64
63
66
64
68
70
62
52
49
54
52
56
54
60
60
60
61
54
58
61
61
59
60
59
54
57
45
49
57
63
68
67
48
50
62
56
46
47
39
50
62
49
43
46
54
44
57
55
40
35
42
33
40
39
40
39
31
40
45
49
52
64
39
41
54
55
47
47
60
42
41
37
30
34
26
32
44
47
49
39
38
47
53
52
39
29
43
54
50
37
39
42
48
50
47
34
30
36
42
28
47
49
32
33
24
26
26
45
16
3
12
39
36
42
15
11
8
20
17
19
23
11
20
35
49
37
19
2
11
29
37
17
6
9
23
27
30
23
20
28
32
46
26
13
6
13
39
18
13
10
22
20
37
37
26
34
47
25
14
15
28
37
30
20
27
20
25
26
27
24
23
28
10
15
25
32
35
34
23
21
16
24
34
32
38
19
18
29
21
40
40
36
40
18
17
13
34
47
29
11
26
36
53
38
44
47
48
47
50
57
58
59
55
47
47
29
9
38
35
29
41
41
35
20
32
26
21
15
21
26
29
29
31
29
37
51
57
40
36
47
53
56
47
42
28
31
50
35
27
25
28
56
52
54
60
60
53
49
54
61
43
36
43
53
59
64
62
44
46
44
52
62
63
64
64
67
67
67
66
68
65
54
62
56
51
54
46
50
53
51
54
60
66
67
62
61
54
52
56
55
63
68
68
69
61
57
61
46
49
56
68
68
66
55
59
68
65
56
70
68
59
63
62
61
63
66
72
70
65
71
70
66
60
64
70
68
53
69
71
71
68
67
66
70
69
72
73
72
68
63
70
72
73
71
63
59
70
70
60
66
62
56
59
60
60
63
62
66
65
71
68
56
57
64
63
71
72
73
72
67
69
69
55
47
45
52
56
59
51
47
52
68
53
48
56
62
44
40
49
59
63
63
51
48
48
64
68
68
56
54
42
42
51
52
33
35
29
48
60
40
41
50
63
49
40
42
51
56
57
57
53
49
52
42
38
37
34
29
27
24
22
30
19
27
38
43
50
41
26
28
26
29
35
37
35
30
34
37
20
21
24
34
25
23
30
38
43
49
51
35
20
38
47
44
53
41
25
24
28
32
45
44
45
29
33
42
22
21
27
32
31
30
23
29
18
21
26
13
15
20
20
29
27
29
35
26
39
43
45
47
32
34
30
15
24
22
17
-2
-3
0
9
10
11
29
39
51
40
10
12
22
12
28
23
15
33
20
12
40
25
29
31
32
27
5
7
33
11
11
21
40
30
22
32
41
30
26
21
16
17
22
34
25
27
20
30
40
51
24
13
18
30
23
28
35
16
19
17
17
19
32
30
26
25
25
24
41
37
10
11
17
28
18
36
45
49
54
54
45
38
33
38
49
49
51
60
33
23
33
38
47
29
30
30
35
53
46
40
39
41
39
48
55
59
55
56
62
41
25
27
52
60
42
51
59
63
65
68
66
53
32
31
37
58
62
63
64
64
66
66
45
42
56
64
60
57
68
64
57
63
53
54
60
64
64
54
53
53
60
66
68
68
66
71
67
65
71
72
71
71
72
71
72
71
67
69
72
68
67
70
72
70
67
68
73
75
70
70
72
71
63
55
56
64
68
61
54
60
66
65
65
57
50
60
66
70
73
64
61
68
68
49
48
53
56
59
60
64
67
69
61
54
55
61
65
70
68
67
69
71
62
54
54
42
51
58
53
68
71
70
59
45
48
54
39
43
51
56
60
52
40
43
45
52
53
50
51
49
56
59
60
63
65
65
64
44
45
53
58
53
51
49
47
56
60
44
48
37
41
44
34
29
29
30
30
35
38
48
54
58
45
30
19
36
45
51
25
27
30
29
23
13
17
31
43
51
43
21
16
30
45
24
-2
11
31
42
14
17
19
28
30
34
38
51
46
29
22
32
28
15
11
13
26
28
9
21
19
25
33
48
58
53
19
7
21
19
25
38
27
16