30.08
29.97
30.19
29.99
29.89
29.7
29.47
29.49
29.99
30.27
30.06
29.81
30.23
30.36
30.12
30.12
30.3
29.85
29.78
30
29.69
29.99
30.12
30.44
30.19
29.82
29.78
29.85
29.97
30.14
30.44
30.26
29.84
30.33
30.27
29.78
29.94
29.94
29.78
30.22
30.09
30.16
30
30.03
29.69
30.31
30.32
30.12
29.83
29.89
30.15
29.85
30.05
30.33
30.11
29.58
30.14
29.99
29.75
30.24
30.19
30.63
30.64
30.36
29.78
29.88
30.5
30.5
30
29.79
29.89
30.08
30.34
30.43
30.14
30.17
29.92
30.25
30.57
30.16
29.95
29.75
29.68
29.99
30.05
30.01
30.05
30.15
30.12
29.8
29.49
29.63
29.98
29.69
29.44
29.99
30.08
30.19
30.16
30.11
29.77
29.86
29.87
30.03
30.35
29.88
29.7
29.95
30.01
29.88
30.17
30.43
30.14
29.99
30.01
29.96
29.92
29.7
29.82
30.09
30.27
30.2
30.02
30.01
30.03
29.95
29.88
29.9
29.95
29.99
30.06
30.04
29.94
29.8
29.61
29.65
29.81
29.89
29.96
29.95
29.96
30.1
29.94
29.8
29.9
29.88
29.94
30.01
30.09
30.09
30.15
30.03
29.96
30.09
30.08
30.02
30
29.97
29.92
29.88
29.94
29.93
29.86
29.88
29.88
29.91
29.92
29.88
29.86
29.82
29.89
29.93
29.87
29.74
29.71
29.83
29.95
30.01
29.91
29.89
29.98
30.01
30.03
29.89
29.87
29.93
29.93
29.91
29.81
29.86
30.03
29.93
29.76
29.8
29.99
30.08
30.15
30.16
29.97
29.82
29.87
29.83
29.85
29.9
29.9
29.84
29.75
29.91
30.03
29.92
29.95
30.01
29.88
29.77
29.72
29.83
30.08
29.99
29.72
29.61
29.58
29.66
29.85
30.02
30.03
29.84
29.7
29.86
30.1
30.03
29.93
29.98
29.9
29.88
30.05
30.04
29.92
29.98
29.68
29.03
29.96
30.12
30.18
30.15
30.1
29.99
29.9
29.81
29.98
29.99
29.94
29.87
29.9
30.05
30.03
29.96
29.93
29.94
30.29
30.39
30.36
30.25
30.14
30.19
30.11
30.04
30.01
30.07
30
29.95
29.9
29.73
29.7
29.71
29.81
30.01
30.07
30.14
30.35
30.44
30.49
30.39
30.24
30.15
30.01
29.75
29.51
29.71
29.86
29.78
29.85
29.57
29.46
29.95
30.11
30.14
30.07
30.08
29.89
29.73
30.2
29.97
30.22
30.37
30.3
30.36
30.11
30.03
30.42
30.49
30.37
30.25
30.14
29.85
29.87
30.13
30.07
29.89
29.89
29.83
29.94
30.38
30.39
30.18
30.22
30.2
29.69
30.19
30.21
30.22
30.15
30.11
29.84
29.81
30.23
30.38
30.63
30.49
30.33
30.04
29.7
30.04
30.3
30.33
30.63
30.56
30.4
30.38
30.03
30.09
30.16
30.28
30.17
30.15
29.91
30.03
29.96
30.4
30.2
30.2
29.65
29.71
30.04
30
29.93
29.93
29.79
29.69
29.79
29.8
29.81
29.94
29.83
30.13
30.29
30.19
30.13
30.23
30.25
30.19
30.21
29.84
29.74
29.92
30
30.17
29.97
30.25
30.08
29.42
29.74
30.12
30.08
30.33
30.16
30.13
30.29
30.19
30.08
30.35
30.14
29.7
29.95
30.06
29.97
29.31
29.68
29.88
29.67
29.71
29.75
29.56
29.63
29.68
29.86
30.02
30.02
29.9
29.75
29.76
29.46
29.28
29.57
29.66
29.83
29.87
29.61
29.75
30
30.15
30.07
29.95
29.98
30
30.02
29.99
29.55
29.52
29.64
29.95
30
29.84
29.86
30.01
30.04
29.85
29.57
29.87
29.87
29.78
30.35
30.18
29.74
29.55
29.8
30.08
30.16
30.15
30.12
30.06
29.88
29.73
29.65
29.75
30.22
30.22
30.32
30.49
30.52
30.27
29.88
29.76
29.94
29.99
29.97
29.83
29.75
29.9
30.06
29.62
29.32
29.37
29.68
29.87
29.86
29.83
29.83
29.78
29.82
29.94
29.81
29.96
29.63
30.03
30.29
30.38
30.15
30.29
30.08
30.06
30.15
30.16
29.98
29.88
29.98
30.11
30.17
30.17
30.22
30.2
29.89
29.82
29.96
29.93
29.91
29.96
29.83
29.82
29.73
29.81
29.74
29.57
29.87
30.07
29.98
29.86
30.12
30.08
29.84
29.86
30.05
30.04
29.9
30.08
30.05
29.91
30.02
30.05
29.97
29.82
29.98
29.92
29.75
29.65
29.83
30.09
30.18
30.22
30.14
30.02
29.99
30
29.99
30.02
29.94
29.83
29.86
29.91
29.89
29.88
30.01
29.95
29.92
29.88
29.87
29.96
29.94
29.98
29.96
29.88
29.85
30.03
30.09
30.01
29.86
29.93
29.95
30.02
30.13
30.09
29.87
29.72
29.74
29.94
30.01
30
29.9
29.85
29.85
30.02
30.11
30.02
29.95
30.01
30.04
29.92
29.93
30
29.85
29.91
29.98
29.9
29.98
30.13
30.2
30.21
30.2
30.15
30.05
29.99
29.69
29.72
29.99
30.19
30.11
29.82
29.85
29.91
30
30.02
29.97
29.93
30.1
29.95
29.91
30.19
30.1
30.02
30.18
30.06
30.15
30.08
29.85
30.02
29.94
29.72
29.93
29.72
29.61
29.97
30.06
30.06
30.02
29.91
29.78
29.96
29.94
29.91
29.8
29.81
30.02
29.83
29.64
29.85
29.92
29.97
29.95
29.91
29.72
30.04
30.18
30.1
29.92
29.87
29.88
29.88
30.04
30.04
29.91
30.33
30.43
30.17
29.62
29.59
30.13
30.24
29.79
29.91
30.09
30.37
30.38
30.2
30.08
30.03
29.95
29.7
30.09
30.25
30.21
30.44
30.31
29.96
30.2
30.12
29.66
29.9
30.35
30.51
30.25
29.75
30.12
30.06
29.9
29.76
29.64
29.69
30
30.3
30.36
30.23
29.6
29.31
29.65
29.84
29.85
30
30.13
30.01
29.95
29.93
29.88
29.95
30.09
30.03
29.65
29.48
29.93
30.07
30.23
30.21
30.28
29.92
30.07
30.12
30
29.96
29.34
29.57
30.09
30.11
29.91
30.22
30.04
30.11
30.23
30.56
30.49
29.9
29.69
29.75
29.99
30.05
29.94
30.08
30.36
30.44
30.45
29.93
30
29.96
30.06
29.96
29.94
29.8
30
30.39
30.43
30.28
30.08
30.39
30.22
29.83
29.57
29.94
29.97
30.09
30.18
30.25
29.71
29.51
29.9
30.24
29.97
30.18
30.37
30.44
30.32
30.01
30.15
30.05
29.93
30.3
30.43
30.42
30.11
30.05
29.87
29.92
30.33
30.05
30.42
30.48
30.3
30.21
30.27
30.28
30.19
30.07
30.27
30.5
30.35
30.36
30.46
30.36
30.03
29.97
29.92
29.47
29.77
30.16
30.08
30
29.36
29.61
29.81
29.39
29.47
29.69
29.87
29.94
29.84
30.16
30.18
29.98
29.94
30.27
30.25
30.02
30.03
29.92
29.74
29.75
29.99
30.26
30.2
30.21
30.28
30.21
30.41
30.33
29.97
29.89
30
30.04
30.07
30.01
29.8
29.83
29.67
29.92
30.09
30.16
30.36
30.24
30.21
30.06
29.99
30.28
30.42
30.39
30.29
30.17
30.11
30.01
30
30.2
30.02
29.85
29.73
29.76
29.8
30.1
29.99
29.99
30
29.9
29.95
30.01
29.95
29.9
29.91
29.87
29.73
29.89
29.95
30.03
30.16
30.18
29.89
29.8
29.64
29.59
29.65
29.74
29.78
29.81
29.72
29.74
29.66
29.53
29.56
29.69
29.75
29.87
29.9
29.89
29.78
29.74
29.9
30.15
30.28
30.12
29.95
29.92
30.05
30.09
29.83
29.76
29.82
30.08
30.13
30.1
30.13
29.99
29.89
29.92
29.89
29.95
29.94
29.82
29.83
29.85
30.05
29.91
29.98
29.97
29.9
29.98
30.09
30.2
30.08
29.92
29.86
29.94
30.06
30.19
30.18
30.18
30.16
30.06
29.98
29.94
29.89
29.85
29.84
30.04
30.11
30.02
30.07
30.05
29.8
29.89
30.13
30.25
30.26
30.13
30.02
30.13
30.28
30.23
30.08
30.13
30.3
30.01
29.92
29.92
29.95
29.95
30.15
30.21
30.09
30.23
30.31
30.29
30.26
30.16
30.04
30.19
30.22
29.73
29.55
29.66
29.87
30.04
29.97
29.86
29.91
30
29.96
29.65
30.08
29.85
29.87
30.22
30.33
30.1
30.22
29.93
29.92
30.02
30.05
30.18
30.18
30.17
30.02
30.04
29.73
30.06
30.29
30.08
29.86
30.23
30.25
29.93
30.11
30.17
30.11
30.29
30.14
30.27
30.26
30.26
30.38
30.26
30.28
30.07
29.9
29.87
29.92
30.06
30.27
30.4
30.19
30.04
30.13
30.29
30.31
30.16
30
29.87
29.58
29.8
29.89
29.7
30.03
29.94
29.6
30.13
29.97
30.28
30.28
30.3
29.54
29.72
30.23
30.52
30.09
30.04
29.97
30.27
30.33
30.21
29.74
29.8
30.01
30.16
30.26
30.38
30.28
29.98
29.89
29.74
30.13
30.43
30.16
29.96
29.84
30.02
30.13
29.97
29.88
29.85
30.22
30.22
30
29.96
29.47
29.56
30.04
30.38
30.44
29.92
29.99
30.12
30.2
30.1
30.45
30.15
30.06
30.28
30.07
29.58
30.02
30.17
30.28
30.15
30
30.1
30.42
30.25
30.16
30.14
30.13
30.2
30.16
30.07
29.74
29.94
30.09
30.06
30.19
30.18
30.03
30.04
30.03
30.18
30.16
29.71
29.57
29.53
29.79
30.4
30.28
30.37
29.99
29.72
29.95
29.59
29.73
30.09
30.6
30.48
30.14
30.11
30.5
30.48
30.28
30.04
30.12
30.25
30.2
30.28
30.34
30.21
30.26
30.31
30.23
30.06
29.99
29.82
29.9
30.26
29.84
29.84
30.04
29.87
29.8
29.71
29.91
29.67
29.85
30
30.08
29.9
29.78
29.77
29.89
30.05
30.2
30.16
30.04
29.99
30.09
30.21
30.1
29.99
29.76
29.65
29.29
29.57
29.82
29.73
29.92
30.22
30.18
30.28
30.01
30.12
30.13
29.98
29.94
30.07
30.11
29.93
29.74
29.68
30.03
30.21
30.16
30.12
29.99
29.91
30.07
30.17
30.14
30.18
30.07
29.88
29.91
30.1
30.14
30.14
30.1
29.97
29.83
29.76
29.82
29.82
29.73
29.76
29.67
29.89
29.98
29.96
29.93
29.93
30.06
30.16
29.97
29.9
30.15
30.26
30.28
30.18
30.12
30.14
30.06
29.91
29.81
29.89
29.97
29.75
29.78
29.82
29.82
29.71
29.77
29.84
29.92
29.92
29.83
29.79
29.89
29.85
29.85
29.92
30.02
30.13
30.18
30.19
30.21
30.08
29.9
29.84
29.84
29.93
29.93
30.07
30.14
30.02
29.72
29.87
29.76
29.78
29.88
29.98
30.07
29.99
29.89
29.89
30.01
30.16
30.07
30.01
29.99
29.97
29.93
29.8
29.85
29.94
29.99
29.93
29.86
29.92
29.85
29.88
29.95
29.9
30.03
30.12
30.14
30.15
30.22
30.24
30.12
29.9
29.97
30.08
30.04
30
30.04
30.08
29.96
29.82
29.89
29.91
29.76
29.85
30.03
30.25
30.34
30.34
30.21
30.13
30.11
30.08
29.77
29.97
30.15
30.06
29.88
30.06
30.16
30.17
30.09
30.14
30.02
29.94
29.86
29.93
29.96
30.05
30.1
30.05
29.9
30.1
30.24
30.15
29.96
30.19
30.22
30.45
30.14
29.75
29.84
29.98
29.97
29.76
29.75
30.01
30.12
30.1
30.12
30.23
30.17
29.98
29.73
28.87
29.29
29.55
29.65
29.73
29.94
30.03
30.09
30.17
29.9
29.87
30.14
30.34
30.45
30.36
30.31
30.49
30.39
30.36
30.57
30.61
30.39
30.17
30.19
30.22
30
29.86
29.98
30.15
30.24
30.27
30.37
30.38
30.44
30.3
30.21
30.18
30.1
30.33
30.14
29.96
30.14
29.72
29.86
30.37
30.42
30.28
30.27
29.99
29.82
29.56
29.94
30.04
29.33
29.71
29.98
30.01
30.07
29.92
29.57
30.06
29.73
30.03
30.15
29.96
30.11
30.19
30.11
30.27
30.14
30.33
30.41
30.32
30.49
30.26
30.14
30.1
30.11
30.28
30.02
30.06
30.36
30.23
29.9
29.97
30.13
30.26
30.31
30.27
30.22
30.52
30.29
30.1
29.72
29.39
30.01
30.19
29.92
29.99
29.93
30.14
30.42
29.86
30.04
30.42
29.92
29.93
29.79
29.93
30
29.92
29.88
30.25
29.9
29.96
30.16
30.33
30.01
29.87
30.16
30.07
29.59
29.64
29.76
29.81
29.79
29.9
30.01
29.8
30.04
30.1
30.27
30.33
30.22
29.8
29.92
30
29.93
29.83
30.12
30.17
29.81
29.89
29.78
29.88
29.95
29.87
29.55
29.79
29.98
30.08
30.16
30.17
29.89
29.76
30.06
30.23
30.31
29.93
30.27
30.17
30.03
29.98
29.88
29.91
29.77
29.89
30.09
30.3
30.26
30.2
30.23
29.84
30
30.53
30.56
30.29
30.01
30.18
30.38
30.38
30.27
30.17
30.22
30.41
30.39
30.29
30.25
30.2
30.1
29.99
29.95
29.96
29.82
29.8
30.07
30.13
29.87
29.8
30.07
30.26
30.22
30.09
29.96
29.89
29.84
29.84
30.03
30.11
30.23
30.17
30.08
30.13
30.1
29.99
29.87
29.85
30.04
30.14
30.05
29.76
29.84
30.15
29.98
29.76
29.82
29.59
29.74
29.99
29.93
29.91
29.86
30.01
30.25
30.29
30.23
30.15
30.06
29.95
29.84
29.68
29.55
29.6
29.81
29.96
30.11
30.22
30.24
30.19
30.12
30.04
30.06
30.05
29.94
29.88
29.99
30.16
30.31
30.23
30.18
30.15
30.05
29.94
29.84
29.91
29.88
29.7
29.78
30
30.04
30.02
29.95
30.03
30.16
30.12
29.91
29.89
29.93
29.92
30.05
30.09
30.1
30.04
29.9
30
30.09
29.99
29.79
29.93
30.13
30.17
30.25
30.21
30.12
30.12
30.16
30
30
30.25
30.35
30.13
29.91
29.87
29.96
29.99
29.87
29.77
29.81
30
30.03
30.21
30.06
29.92
30.18
30.15
30.09
29.86
29.74
30.04
30.18
30.11
30.37
30.3
30.17
30.07
29.85
29.8
30.03
30.02
29.95
30.02
30.19
30.28
30.16
30.05
30.01
30.01
30.08
30.05
30.05
30.04
29.88
30.22
30.31
30.12
29.99
30.14
30.3
30.31
30.19
30.04
29.87
29.92
29.9
29.99
30.1
29.87
29.74
29.97
30.19
30.13
30.03
30.23
30.36
30.26
30.09
29.66
29.7
30.14
30.6
30.58
30.32
29.92
30.14
30.23
30.01
30.16
30.18
30.39
30.29
30.25
30.3
30.09
29.73
30.13
30.53
30.52
30.17
30.05
30.31
30.47
30.12
29.52
30.29
30.61
30.61
30.19
29.95
29.95
30.09
30.04
30.02
30.32
30.52
30.13
30.03
30.31
30.32
30.25
30.2
29.71
30.13
30.07
30.12
30.15
30.07
29.98
29.94
29.99
30.24
30.5
30.31
30.36
30.22
29.79
30.02
30.19