42
45
32
33
33
30
29
27
28
25
27
26
25
22
29
32
26
33
39
36
27
19
20
17
32
33
32
31
30
29
28
31
36
29
29
36
37
39
32
24
25
28
32
38
52
37
40
54
57
43
35
34
29
33
35
49
38
46
51
41
45
29
38
52
52
42
42
40
50
48
49
47
42
44
51
55
62
54
43
50
48
41
39
37
35
38
38
42
42
42
42
45
48
63
55
47
50
44
50
55
67
61
50
58
50
52
57
58
54
65
57
46
56
71
72
75
73
72
60
58
58
64
71
58
58
59
62
62
63
64
62
65
63
61
69
69
64
65
67
62
69
63
70
77
75
77
78
77
78
83
83
83
75
69
68
69
72
78
84
83
81
75
73
71
68
71
73
75
78
78
74
77
80
81
79
76
74
76
76
78
76
77
79
82
81
82
83
85
79
80
80
84
85
81
78
77
78
80
84
85
82
87
93
92
87
81
84
81
81
84
86
84
83
81
77
77
76
79
83
85
78
78
77
75
76
72
76
75
78
77
77
76
80
74
70
73
77
78
75
71
69
72
74
73
71
75
78
75
64
76
72
77
77
73
73
75
79
65
58
61
62
62
65
69
75
73
72
75
74
76
75
71
69
60
53
53
57
64
58
59
64
69
69
68
61
66
66
63
62
63
62
66
64
53
51
52
56
56
58
53
44
39
42
44
51
53
52
50
45
46
49
58
54
54
43
48
52
63
62
57
47
41
44
57
53
50
52
47
52
52
54
61
59
47
45
44
42
46
52
60
52
41
43
38
35
36
38
43
53
49
37
32
38
46
52
54
44
35
39
41
46
39
33
44
51
37
27
24
28
29
33
35
29
25
23
25
31
32
36
40
43
39
44
41
37
36
39
36
44
53
40
34
34
21
19
22
29
29
36
35
34
23
23
24
28
31
33
29
28
30
29
32
29
37
37
38
36
35
37
40
33
30
34
37
42
40
39
41
42
41
41
48
50
50
51
45
47
47
44
52
52
54
56
59
60
57
49
55
56
46
40
46
55
45
54
59
59
59
63
65
72
76
72
53
52
62
60
50
53
61
63
52
50
57
59
57
62
58
57
50
52
52
50
58
65
74
80
76
72
70
72
64
65
54
53
53
52
57
71
70
66
63
53
60
69
74
70
69
70
73
78
71
67
71
79
80
80
80
82
81
83
79
67
69
65
75
72
76
81
78
76
74
75
75
77
84
83
82
84
84
81
82
86
87
83
73
72
72
76
83
86
89
92
83
83
78
82
81
80
78
82
87
83
86
84
81
84
83
86
90
83
78
79
82
84
77
77
76
75
80
83
84
81
78
82
84
87
88
80
78
77
75
84
84
74
80
82
79
79
75
69
73
76
71
74
80
83
85
86
85
82
73
68
71
78
79
68
68
70
65
71
71
69
73
69
66
72
69
66
76
77
80
81
69
72
75
69
75
67
60
59
53
55
57
64
64
66
61
69
66
57
53
55
56
59
57
54
54
57
50
55
62
66
67
72
66
52
49
53
45
44
46
49
50
46
43
48
52
54
50
52
54
52
51
57
56
49
44
48
47
53
55
48
42
47
39
41
41
52
52
37
38
36
34
34
33
30
28
30
36
51
34
23
27
24
27
29
31
32
36
35
35
35
30
27
26
33
32
32
36
25
30
33
33
43
36
38
36
31
31
31
30
33
29
21
14
14
30
27
24
23
31
38
34
23
25
29
33
29
29
25
40
42
32
26
19
24
35
50
39
44
56
52
41
36
36
35
33
38
38
30
33
37
32
30
34
40
50
44
34
24
20
24
33
48
57
59
54
44
53
42
37
41
43
47
50
50
49
40
40
47
39
38
43
45
53
51
60
47
49
47
59
62
55
55
54
43
45
51
57
47
45
46
46
44
50
54
62
59
50
59
51
52
57
71
78
77
76
60
59
66
62
55
53
55
60
64
67
75
65
59
60
62
66
72
71
63
56
57
65
69
72
75
75
76
61
65
69
68
69
71
63
74
69
61
59
69
73
75
72
72
67
77
72
71
70
64
63
66
72
71
73
74
74
76
78
80
75
76
76
78
77
75
74
74
72
74
78
72
72
72
73
77
75
74
74
82
80
76
74
77
70
77
73
75
77
81
80
82
83
81
81
77
75
80
78
81
72
74
75
78
84
83
80
75
76
80
81
83
82
82
82
84
79
81
78
78
81
77
73
77
77
68
67
68
71
75
76
72
70
69
70
65
63
66
73
72
73
67
62
68
64
64
67
71
76
77
66
62
67
68
62
59
54
58
68
65
59
58
64
58
70
64
55
51
58
48
45
43
45
45
48
54
61
62
60
67
56
55
55
59
54
53
64
55
52
53
46
49
43
44
56
57
58
52
47
52
56
63
56
51
51
56
53
49
49
48
50
49
51
47
45
49
46
44
46
56
45
39
35
36
39
48
39
28
35
42
43
49
36
30
27
27
29
30
34
24
29
35
48
42
36
26
25
32
45
41
26
22
34
42
49
41
37
41
40
47
40
31
24
28
46
41
29
32
28
27
43
48
42
42
52
41
38
38
49
57
45
39
38
38
40
42
36
38
36
32
26
35
43
42
39
44
43
40
41
40
49
55
46
41
39
46
46
40
47
41
52
41
37
36
49
61
52
38
46
54
65
62
52
53
59
56
61
67
64
65
67
57
53
46
43
55
54
47
46
50
51
52
61
51
49
53
55
57
55
48
51
54
60
69
74
70
57
61
64
67
51
46
52
54
56
52
47
54
53
68
57
59
69
64
60
60
65
66
60
62
65
70
67
70
73
65
64
67
68
66
69
73
74
76
77
79
80
80
73
75
72
68
68
63
61
64
69
72
76
80
77
70
73
72
71
71
69
65
74
84
87
83
79
78
75
70
74
80
85
83
86
83
82
86
90
86
90
85
82
81
80
81
82
75
82
82
87
90
80
69
73
78
83
87
79
83
82
82
78
80
78
76
81
84
84
86
82
78
81
83
77
80
78
78
78
78
78
81
74
72
75
74
77
79
80
78
79
80
82
76
76
81
82
75
76
79
80
76
80
78
71
68
65
69
70
71
69
67
67
75
64
65
69
73
63
60
64
73
71
72
62
63
62
69
75
71
71
66
51
49
55
62
54
53
48
63
65
55
54
60
69
59
57
58
61
65
62
64
63
58
57
47
47
49
48
46
43
42
39
39
44
45
47
54
57
52
43
43
44
45
45
47
46
48
47
46
45
36
39
40
37
38
40
45
48
55
57
48
37
40
49
47
53
48
42
41
41
42
47
46
52
44
41
49
39
39
35
39
39
40
37
34
35
36
38
31
30
35
35
40
39
38
42
43
42
48
47
50
39
37
41
34
41
45
32
21
17
22
21
22
27
33
45
53
46
28
24
30
28
32
34
31
36
31
31
43
42
38
40
44
36
28
30
38
33
31
32
42
42
39
38
47
43
39
38
35
37
40
38
43
38
49
45
48
51
44
38
41
41
37
37
46
41
35
37
41
39
36
44
45
42
46
47
48
53
40
40
41
52
45
52
64
71
75
62
48
52
54
54
60
64
59
66
53
46
47
47
58
56
58
58
60
56
60
60
57
59
56
58
62
66
65
71
71
60
52
52
64
72
68
65
62
71
75
79
74
58
57
61
62
62
76
82
82
82
80
74
68
70
67
68
71
74
72
77
77
73
68
71
75
78
74
71
70
72
74
76
82
82
81
81
79
79
78
78
80
80
83
83
86
85
81
82
83
82
75
80
84
86
87
87
89
89
84
84
82
80
74
69
75
77
77
76
74
75
71
77
74
73
70
71
72
79
82
79
76
79
76
70
68
71
73
72
71
77
80
78
73
74
71
76
81
74
77
76
80
77
76
73
73
65
67
73
67
79
84
81
69
60
62
66
59
60
64
68
68
64
59
60
63
64
66
66
65
64
69
73
73
76
77
77
70
60
59
58
62
66
63
60
63
65
69
59
57
56
57
57
52
47
46
48
51
51
53
52
61
64
61
45
41
50
55
55
44
44
53
48
42
35
45
46
50
60
59
44
40
44
53
43
28
28
44
49
34
35
34
41
45
47
46
55
51
37
30
35
33
28
27
31
32
38
30
30
31
38
44
56
64
53
35
27
33
36
42
44
37
32