30
35
27
24
26
24
24
23
23
18
21
21
19
12
20
26
24
28
33
32
19
14
13
8
25
31
26
26
24
18
23
28
30
23
21
29
30
29
22
16
20
16
22
26
42
30
26
42
45
31
26
25
22
22
23
35
32
36
42
33
31
22
27
40
43
34
31
32
42
41
41
41
35
33
41
44
48
40
34
39
43
38
33
28
27
30
28
31
33
39
35
35
37
46
39
35
43
40
41
48
51
48
46
47
43
43
50
50
49
46
46
40
43
57
59
67
66
65
52
49
46
55
58
49
48
46
51
50
53
52
50
53
52
57
60
61
58
60
58
57
56
59
59
68
65
63
68
68
67
72
72
70
65
58
56
62
60
66
70
66
72
66
64
66
59
57
65
67
68
70
69
68
68
73
70
67
65
70
68
71
66
66
68
73
72
71
73
74
72
69
69
75
76
73
67
67
68
70
74
73
73
76
82
83
76
75
75
73
73
72
77
73
69
71
69
70
67
70
76
78
72
69
70
65
66
69
70
67
67
66
67
65
72
68
60
62
72
69
72
64
59
60
62
63
64
67
69
66
61
66
69
70
69
65
64
65
69
53
50
53
54
53
60
60
69
69
68
68
67
68
70
63
59
53
49
49
48
53
47
48
51
53
56
62
59
60
57
56
53
55
50
60
55
47
43
42
45
46
50
42
37
33
34
31
42
44
41
43
36
35
37
43
41
45
37
36
41
54
56
54
39
35
34
49
49
47
42
36
40
39
41
51
49
43
38
34
34
34
42
57
41
36
32
31
28
27
28
33
46
41
32
27
27
40
41
47
37
30
29
33
33
31
26
33
42
32
22
20
24
24
28
29
24
19
15
16
27
26
24
27
32
34
34
30
30
29
33
29
30
44
35
28
21
17
16
14
21
22
31
30
29
17
14
13
19
28
27
22
24
23
21
27
22
31
31
32
26
29
35
35
27
25
27
31
35
34
35
34
34
29
34
36
36
36
42
42
42
43
41
41
37
39
40
44
45
52
45
46
42
36
31
32
52
38
42
46
44
46
49
50
57
62
60
45
42
47
52
44
40
48
51
44
41
46
49
47
52
48
46
47
49
43
40
44
49
59
70
68
62
57
63
55
51
48
42
46
48
46
57
63
58
54
51
53
56
61
63
62
62
64
63
59
58
63
70
67
73
70
73
72
75
65
58
60
60
62
63
64
70
68
67
67
66
63
64
74
75
71
74
71
73
72
76
78
74
65
63
61
63
69
73
76
80
76
74
74
73
71
72
72
74
76
73
78
74
75
75
74
75
83
71
68
70
75
76
68
68
68
66
73
76
77
73
67
72
74
78
79
75
71
67
69
74
77
69
70
71
69
72
66
65
66
67
60
62
65
70
73
76
74
73
65
59
58
66
67
62
60
59
62
61
61
59
59
59
55
61
60
54
64
68
68
72
65
65
69
62
69
57
51
52
51
52
51
53
51
54
49
57
57
47
47
47
47
44
48
49
46
47
43
41
52
55
62
67
55
45
41
42
38
34
35
47
45
39
34
42
43
45
42
39
41
37
47
50
48
42
37
39
39
45
47
40
38
37
33
32
30
42
39
32
33
31
30
31
29
24
21
23
26
41
22
19
23
20
19
21
25
25
30
28
31
29
26
22
21
26
24
20
27
19
23
26
22
38
31
32
30
26
27
26
23
25
21
15
10
6
22
23
18
18
20
23
22
15
21
26
24
25
22
21
27
30
28
20
15
15
18
39
28
33
42
44
36
30
29
28
24
28
27
24
24
30
26
21
23
29
36
33
29
17
13
16
21
38
42
49
46
40
41
35
31
33
39
40
40
36
42
35
30
34
30
25
30
41
42
47
46
42
37
40
49
53
49
43
48
37
37
38
44
41
37
34
43
39
37
38
46
49
48
49
46
44
40
52
63
62
64
49
49
58
58
52
51
51
52
55
55
65
57
53
50
48
57
64
62
54
50
44
50
55
60
63
66
67
52
52
58
58
59
58
52
62
59
57
57
59
62
66
65
65
64
68
64
63
60
58
55
62
66
64
66
66
66
68
68
70
67
67
65
66
67
67
66
65
64
62
68
64
62
61
63
68
65
63
60
72
71
69
63
67
67
67
67
66
64
70
73
72
74
73
72
68
70
73
69
75
65
65
67
70
72
77
72
71
67
70
70
72
71
73
74
73
72
74
71
68
72
70
68
69
69
62
57
57
61
66
67
65
64
63
65
59
58
61
65
62
64
63
58
58
56
51
55
63
68
71
56
54
59
57
53
53
48
47
60
55
50
48
56
48
59
51
44
46
48
42
40
39
42
40
38
40
47
50
54
62
49
46
50
54
50
47
56
51
47
41
39
42
37
31
42
43
50
46
44
49
53
56
50
43
43
51
45
40
41
46
47
46
46
41
37
35
37
35
34
45
39
33
31
30
32
38
28
23
28
30
36
42
29
25
21
22
24
22
30
17
19
28
40
32
31
19
19
29
35
33
19
14
28
27
34
34
31
32
28
40
29
27
18
17
37
27
20
28
25
19
34
41
38
38
43
33
31
33
35
47
39
32
31
31
27
31
32
31
27
26
19
25
33
34
33
35
33
33
33
29
37
47
42
36
31
32
38
35
40
33
45
35
30
27
35
51
39
31
32
38
54
50
46
47
46
47
45
55
58
58
53
52
47
36
32
43
41
37
43
43
42
37
50
42
37
41
39
48
46
41
43
42
46
56
59
61
52
51
50
54
46
42
42
41
45
44
38
40
43
56
52
52
57
58
52
50
56
58
52
50
50
57
64
64
64
56
52
53
56
61
62
63
65
67
67
70
68
68
68
66
64
61
58
57
52
54
58
59
63
66
68
68
66
63
60
60
60
57
65
70
76
70
70
69
65
59
61
67
72
72
74
74
70
75
81
76
79
79
74
72
69
70
72
68
73
73
75
80
74
64
65
71
73
77
70
71
74
70
71
71
69
70
71
76
75
74
74
70
73
73
71
74
71
68
72
71
69
71
65
64
67
65
67
69
70
72
70
72
74
68
65
70
73
72
73
73
73
70
71
67
62
60
54
58
60
61
61
59
55
69
57
55
58
60
56
51
53
65
66
65
58
55
52
64
67
64
60
54
48
43
50
54
46
44
37
50
60
47
44
47
63
50
48
47
50
55
59
60
58
55
50
43
43
45
44
43
37
38
32
35
35
33
37
40
43
40
35
37
38
35
37
40
40
39
36
33
38
30
28
37
31
29
30
39
42
43
48
37
30
32
45
43
45
39
36
34
30
32
43
44
43
37
32
38
36
31
29
35
32
36
31
32
30
30
33
27
25
30
28
32
31
27
31
36
34
43
43
42
36
35
38
29
30
32
27
15
12
17
17
14
17
27
35
38
30
23
18
26
23
29
26
25
33
26
21
34
35
29
32
31
32
23
21
29
27
25
25
35
34
31
28
41
38
31
34
29
31
31
35
37
31
35
31
36
43
36
32
29
35
31
32
38
31
30
28
31
29
33
35
37
35
38
35
37
39
34
31
31
39
37
39
49
57
60
50
45
42
45
47
46
54
52
53
46
37
38
43
43
46
49
47
48
53
48
46
48
46
46
45
53
59
57
58
63
52
46
41
53
62
60
59
59
62
67
70
66
48
49
49
49
58
61
70
70
71
72
69
59
59
58
63
63
65
67
70
68
61
57
59
64
68
66
63
59
61
61
67
71
70
71
73
70
70
72
75
74
73
76
74
77
75
74
75
77
77
70
71
76
76
80
77
79
81
74
76
75
71
67
63
66
69
69
68
65
67
68
68
68
66
62
63
68
71
76
73
66
72
68
63
58
60
63
66
65
66
70
70
68
65
61
65
73
72
71
69
72
71
68
64
64
56
55
63
57
69
74
72
60
53
50
59
51
48
52
57
56
56
50
47
52
55
59
56
55
53
57
62
63
65
67
67
59
52
55
54
59
60
55
51
51
57
63
51
48
48
45
47
44
40
37
37
43
39
43
46
52
56
52
36
33
38
42
47
38
35
43
40
31
28
34
35
44
51
51
36
32
33
49
31
24
20
33
33
30
28
25
33
39
39
37
49
38
33
27
32
28
21
23
24
29
32
25
25
24
27
34
45
59
42
27
21
24
25
28
39
27
26