54
54
37
41
39
36
34
30
32
32
32
31
30
31
38
37
28
37
44
39
34
24
27
25
39
34
37
36
35
39
32
33
42
34
36
42
44
48
41
31
29
40
42
50
62
43
53
66
69
55
44
43
35
43
46
63
44
56
60
48
58
36
49
63
60
49
52
48
58
54
56
53
48
54
60
65
76
67
52
61
53
43
44
45
43
46
47
52
51
44
48
54
59
79
70
58
57
47
58
62
83
73
54
69
57
61
63
66
58
83
67
52
69
84
85
83
80
79
68
67
70
72
83
67
67
72
73
74
72
76
74
76
73
64
77
76
69
70
76
67
81
67
80
86
85
91
87
86
88
93
94
96
84
80
79
76
83
89
97
99
90
83
81
75
77
84
81
83
87
86
79
85
92
88
88
84
82
81
84
85
85
87
89
90
90
92
93
95
86
90
90
93
94
88
88
87
88
90
94
96
90
98
103
101
98
87
92
88
88
96
94
94
96
91
84
83
84
87
90
92
83
86
84
84
85
75
82
82
88
87
87
86
88
80
80
83
81
87
78
77
79
83
85
83
77
83
87
84
66
85
75
84
85
80
82
85
88
77
66
69
70
71
70
78
80
76
75
82
80
84
79
78
78
66
56
56
66
74
69
70
76
85
81
74
63
71
75
70
70
70
73
71
72
59
59
62
66
65
66
64
51
45
50
56
59
61
63
57
53
56
61
72
66
62
48
60
62
71
67
60
54
46
54
64
56
53
62
58
64
65
66
70
68
50
51
54
50
57
61
63
62
46
54
45
42
44
48
52
59
57
42
36
49
51
63
61
51
40
48
49
58
47
39
55
59
42
32
27
32
33
38
40
33
30
30
33
35
38
47
53
53
44
53
51
44
43
45
43
57
61
44
40
47
24
21
30
36
36
40
40
38
29
32
35
37
33
38
35
31
37
37
36
35
43
43
43
46
40
39
44
39
34
41
42
48
45
42
47
50
53
47
60
63
63
60
47
51
50
46
62
66
69
71
74
75
62
53
64
70
56
48
59
57
52
65
72
74
71
76
80
87
89
84
61
61
76
68
55
65
74
75
60
58
67
69
66
72
68
68
53
54
61
60
71
80
89
89
83
82
82
81
73
79
59
63
59
55
68
85
76
73
71
54
66
82
87
76
75
77
82
92
83
75
79
87
93
87
90
90
90
90
93
76
77
69
87
81
88
91
87
84
80
83
86
89
94
90
92
94
97
88
91
95
96
92
81
80
82
89
96
98
102
103
90
91
81
91
91
88
84
90
97
93
94
93
86
93
91
96
97
95
87
88
89
91
85
86
83
84
87
90
91
89
88
91
94
95
96
85
85
87
80
93
91
79
89
93
89
85
83
73
79
85
81
85
94
95
96
96
95
90
81
77
83
90
91
74
75
80
68
80
81
79
86
79
76
82
78
77
90
86
92
89
72
79
80
75
81
76
69
66
55
58
63
75
77
78
72
81
74
66
59
63
64
74
65
58
62
67
57
68
72
76
72
77
77
58
57
63
52
53
56
51
55
52
51
54
60
63
58
64
66
66
55
63
64
56
50
57
55
60
63
55
45
57
44
49
51
62
65
42
42
40
37
37
36
35
34
36
45
60
45
27
31
27
35
36
37
38
41
41
39
40
33
31
31
39
40
43
44
30
37
40
43
48
41
43
42
35
35
35
36
40
36
26
18
22
37
31
29
27
42
53
45
30
29
31
42
33
36
28
53
54
36
31
22
33
51
61
49
54
69
59
45
42
42
41
42
47
49
35
42
43
37
38
45
50
64
54
38
30
27
33
45
58
72
69
61
47
64
48
43
49
46
53
59
64
55
45
50
59
47
50
55
48
63
54
74
52
61
53
69
71
61
67
60
48
53
63
70
53
53
57
48
48
64
70
78
69
52
69
55
60
74
90
93
92
88
70
68
73
66
58
55
58
67
72
79
84
73
64
69
76
75
80
80
72
61
70
80
83
84
87
84
85
69
78
79
77
79
83
73
85
79
65
61
78
83
84
79
78
70
85
80
79
79
70
70
70
78
78
80
81
81
83
87
90
82
85
86
89
86
83
82
83
80
85
88
80
81
83
82
86
84
84
87
91
88
83
84
87
72
86
79
84
89
91
87
91
92
88
89
86
80
86
89
87
78
82
83
85
95
89
87
78
85
89
91
93
92
90
90
95
85
88
85
87
89
83
77
84
84
74
76
79
80
84
85
78
76
75
75
70
67
70
81
81
81
71
65
77
71
76
78
78
83
83
75
69
75
79
70
64
59
68
76
74
68
68
72
67
80
76
66
55
68
53
50
46
48
49
57
68
74
73
65
71
63
64
59
64
57
59
72
58
57
64
52
56
49
56
70
70
65
58
50
55
59
70
61
58
58
60
61
57
57
50
53
52
56
52
53
62
55
52
58
67
50
45
38
42
45
58
49
33
41
54
50
55
42
35
33
31
34
38
38
31
38
41
56
51
40
33
31
34
54
49
33
30
40
56
63
48
42
49
51
53
51
35
29
38
55
54
37
36
31
34
52
54
46
45
61
49
45
42
62
67
51
46
45
44
52
52
40
44
45
38
32
44
52
50
44
52
52
46
48
50
60
62
50
45
47
60
53
45
54
49
58
47
44
45
63
70
64
44
60
69
76
74
58
59
71
65
76
78
70
71
80
61
59
56
54
67
66
56
48
56
59
67
71
60
60
64
70
65
63
55
59
65
73
82
89
79
62
71
77
80
56
50
62
66
66
60
55
67
63
79
61
65
80
69
68
69
73
74
68
73
80
82
70
76
82
74
76
81
80
70
75
82
82
85
86
88
91
92
78
83
80
74
78
68
69
74
80
84
89
94
86
72
80
81
82
82
77
73
82
97
97
95
88
87
84
80
86
92
98
94
97
91
94
96
98
96
101
90
90
89
91
92
91
81
91
91
98
100
85
74
81
84
92
97
87
94
90
93
85
89
87
82
91
92
93
98
89
85
89
92
83
86
85
87
83
85
87
90
82
80
82
82
86
88
90
83
88
88
89
83
86
92
91
78
78
84
86
81
88
89
79
75
76
79
80
81
76
75
78
80
71
75
79
85
70
68
75
81
76
79
65
70
72
73
82
78
82
78
54
55
59
69
61
62
59
75
69
62
64
73
74
67
66
69
72
74
64
68
67
60
63
50
51
52
51
49
48
46
45
42
52
56
57
68
71
63
50
49
49
55
52
54
52
56
58
58
52
41
50
42
42
47
50
51
54
67
66
59
43
47
52
50
60
57
48
48
51
51
51
48
60
51
49
59
42
46
41
42
45
44
42
35
40
41
42
35
35
40
42
48
47
49
53
50
50
53
51
58
42
39
43
39
52
57
36
27
22
27
24
29
36
38
54
68
62
32
30
33
32
35
42
37
39
35
41
51
49
46
47
57
40
32
38
46
38
37
39
48
49
47
47
53
47
46
42
40
42
49
41
48
45
62
59
60
59
51
43
52
47
43
42
53
50
40
45
50
48
39
52
52
49
54
59
59
66
46
49
51
65
53
64
78
84
89
74
50
62
63
61
73
73
66
78
60
55
55
51
72
65
66
69
71
59
71
74
65
71
65
70
71
73
73
83
79
67
57
62
75
82
76
70
64
80
83
87
82
67
64
72
74
66
90
93
93
93
88
79
76
81
76
72
78
82
77
84
85
85
79
83
85
88
81
79
80
83
86
85
92
93
91
89
87
88
84
80
86
87
90
91
94
94
87
89
89
86
79
88
91
95
94
96
98
97
94
91
89
88
81
74
83
85
84
84
82
83
74
86
79
80
78
78
76
87
88
84
85
86
83
76
78
81
82
77
77
87
89
85
77
82
81
86
89
76
83
83
88
82
84
82
82
74
79
83
76
88
94
89
78
66
74
72
67
71
76
79
80
71
68
72
74
73
73
76
75
74
80
84
83
86
86
86
80
67
63
62
65
72
70
69
74
72
74
67
66
63
68
67
59
53
55
58
59
63
62
58
70
71
70
54
48
61
67
62
50
52
62
55
52
41
55
56
56
69
67
52
47
55
56
55
32
35
55
64
37
42
43
48
51
54
54
60
63
41
33
38
37
35
30
37
34
43
34
35
38
48
54
67
68
63
42
32
42
46
56
49
46
38