14
24
21
18
16
14
17
22
28
17
12
25
21
15
16
22
13
20
16
15
31
20
30
15
14
30
21
12
15
18
16
15
28
26
17
30
29
10
37
22
22
16
31
24
37
31
23
12
45
41
33
20
18
12
16
48
15
14
28
28
30
20
16
25
24
33
13
24
29
24
24
25
17
16
18
18
23
28
16
15
20
21
18
21
21
20
21
22
13
16
26
23
23
30
48
25
15
18
18
15
22
28
24
16
21
30
30
24
21
23
29
18
18
18
15
25
22
28
25
18
14
13
23
22
28
21
31
12
20
15
13
14
16
10
17
16
20
18
18
17
14
14
13
21
12
18
16
23
16
12
13
22
28
25
17
10
14
20
14
47
12
17
14
21
20
16
21
25
14
13
16
18
22
20
21
15
15
9
10
18
16
15
14
15
17
14
21
32
24
17
12
22
21
23
21
17
17
18
20
23
10
20
18
16
28
17
20
16
13
20
16
15
45
18
14
14
14
17
18
17
31
21
16
14
20
21
22
22
10
53
26
12
18
23
13
17
20
10
40
39
13
12
9
10
10
14
14
21
21
20
21
12
15
17
10
15
14
29
14
15
17
12
16
10
13
21
12
8
12
15
17
24
17
17
17
12
18
20
13
7
10
10
10
13
21
14
30
35
26
24
9
26
29
22
15
12
15
22
16
23
16
25
23
10
16
9
16
23
25
15
9
9
13
25
26
21
20
22
18
15
21
20
18
20
14
15
28
15
13
9
21
14
22
22
16
15
15
16
14
17
32
30
16
21
9
8
16
9
22
28
17
18
21
15
28
16
23
17
18
23
40
35
18
9
21
25
32
32
22
22
25
20
25
24
18
15
21
17
12
21
16
22
21
14
17
14
21
14
18
44
28
23
33
23
17
16
17
12
17
20
20
32
18
20
14
29
29
16
21
21
15
28
23
24
26
21
21
14
20
16
36
33
20
18
29
15
26
22
22
17
22
17
15
12
14
22
37
20
25
22
13
15
16
16
16
21
25
28
35
24
18
22
22
29
23
9
13
14
17
20
21
22
40
31
24
18
18
15
17
12
18
26
21
22
13
22
33
21
20
21
16
28
28
28
16
14
20
26
28
17
28
15
41
29
24
20
15
14
26
23
18
10
22
16
12
12
16
17
16
13
14
25
15
14
15
17
25
15
21
14
21
29
20
21
17
22
15
17
25
17
17
14
24
15
16
18
16
17
21
60
13
17
18
25
22
18
20
16
15
18
16
15
16
13
17
12
12
16
17
20
12
18
26
20
33
18
24
22
20
20
35
17
15
17
21
22
13
15
14
16
16
23
20
14
16
16
13
14
20
16
15
15
22
16
14
13
17
13
24
20
20
14
17
14
10
14
16
13
16
17
17
28
18
16
22
30
25
20
13
12
16
23
18
14
21
9
13
21
14
20
15
16
20
21
20
21
9
29
30
13
23
22
15
21
22
18
16
14
13
17
16
12
32
29
24
15
9
10
24
26
21
12
26
20
18
26
28
21
22
16
14
12
17
20
17
23
31
20
17
20
13
10
9
5
22
36
15
18
22
15
14
22
22
14
24
30
13
9
18
39
20
16
20
26
30
26
23
20
12
10
20
28
31
26
20
16
12
15
24
25
23
33
24
9
30
41
26
13
8
10
29
21
25
12
18
15
31
35
21
16
24
17
14
26
22
22
14
16
14
23
20
23
16
23
15
13
12
30
21
28
23
17
21
17
18
25
13
14
29
12
14
24
46
26
14
7
21
15
23
37
33
17
29
28
22
13
9
31
28
21
31
24
14
13
18
17
17
32
16
28
29
17
16
7
15
15
22
23
21
15
25
30
20
17
15
14
18
29
33
15
20
13
36
39
21
22
26
28
20
16
28
29
16
20
25
14
21
20
21
29
25
28
25
20
15
20
17
22
23
14
22
18
12
20
16
17
20
17
29
30
17
14
17
30
13
17
24
21
14
14
16
16
15
16
16
29
12
18
30
20
23
17
18
17
15
18
13
14
15
20
15
14
16
20
16
29
16
15
20
16
21
25
21
15
20
12
22
20
21
21
28
15
18
20
26
14
14
23
17
15
15
36
21
18
20
15
20
23
18
15
14
16
13
16
28
23
28
18
17
26
13
30
13
35
14
13
17
12
17
13
22
17
16
23
13
12
14
12
13
36
15
13
25
17
13
16
13
18
13
15
23
17
15
14
10
13
14
15
18
14
13
16
24
37
10
17
15
15
18
21
17
17
15
16
10
14
16
16
16
20
36
30
18
5
17
10
18
18
17
37
15
23
24
16
17
24
15
23
23
24
24
14
13
12
13
23
33
20
13
15
17
16
10
24
17
17
22
13
21
29
16
7
12
12
22
29
33
24
13
18
16
16
14
23
13
16
22
17
9
9
31
28
15
18
23
29
37
13
22
20
15
26
38
37
31
17
23
13
38
22
22
14
30
23
22
20
16
12
18
22
18
28
37
15
10
23
36
32
16
22
16
22
17
12
21
16
20
38
23
20
20
22
26
15
21
23
17
21
21
16
13
33
23
30
29
21
23
25
18
10
15
20
17
12
17
14
32
33
22
16
17
12
21
21
17
23
21
22
28
30
39
23
20
29
13
17
16
26
15
22
16
20
35
29
22
20
17
20
18
14
13
15
14
12
15
9
13
15
18
17
37
22
21
26
16
18
15
26
18
29
20
24
26
32
36
26
21
26
17
21
16
20
22
18
14
14
23
30
24
30
23
17
28
14
22
14
17
15
9
15
14
12
15
21
18
26
28
18
18
14
13
15
20
14
15
21
14
10
12
44
15
14
16
17
30
9
18
23
21
29
31
14
15
18
18
20
13
18
15
22
18
14
16
13
13
12
16
15
24
18
13
24
26
25
18
25
33
20
20
15
18
18
15
23
13
16
15
13
17
17
15
23
13
16
26
15
21
14
15
20
24
16
39
14
20
13
16
15
16
16
29
16
36
16
8
10
15
22
23
15
15
14
22
20
17
22
8
14
9
14
14
13
18
15
29
17
13
12
16
15
12
15
17
20
10
14
26
16
21
13
9
12
13
21
15
14
33
22
8
12
25
18
18
21
21
8
14
14
21
14
10
14
12
14
23
10
12
16
23
23
24
14
25
18
23
12
18
18
16
18
15
8
13
9
12
16
25
44
30
17
18
24
23
17
20
15
23
28
22
6
10
17
28
20
13
13
17
15
18
10
14
10
25
30
22
15
15
18
16
10
15
10
10
12
28
14
6
10
16
12
23
12
15
15
9
10
14
31
23
23
37
35
20
12
17
35
29
24
24
31
20
15
17
17
23
17
15
15
16
17
14
13
9
8
20
14
21
17
29
23
31
22
26
21
24
14
20
16
16
12
27
41
30
18
25
26
9
22
15
28
31
17
20
28
14
12
18
22
30
30
24
28
26
13
17
29
15
25
24
18
22
20
23
25
16
39
24
25
20
14
16
24
29
30
25
17
20
21
23
26
23
24
23
8
26
24
26
21
20
17
15
30
22
28
14
26
20
22
16
22
36
22
24
18
23
15
20
16
14
35
25
18
22
17
30
28
18
14
17
15
15
13
20
17
18
15
16
16
18
24
20
28
24
18
17
16
17
15
14
17
16
17
23
28
31
25
16
10
18
16
18
21
23
22
17
13
16
24
18
12
18
26
18
30
23
17
23
20
26
17
13
18
15
15
33
28
22
30
31
15
15
14
21
16
18
21
17
30
26
16
24
17
20
14
13
15
18
13
14
21
41
14
13
33
20
17
15
15
36
21
16
14
18
17
16
20
14
15
13
18
21
14
13
14
23
23
13
13
10
14
15
13
14
33
15
14
13
17
16
16
14
14
15
16
17
15
21
13
12
20
15
12
16
25
24
17
12
21
21
10
12
12
21
21
17
12
9
10
14
15
12
9
15
15
9
12
12
12
33
17
22
22
22
25
21
10
10
13
22
28
24
20
16
14
20
25
20
25
20
10
9
9
17
36
18
22
18
10
16
23
25
15
30
18
28
23
21
10
8
16
35
28
15
10
15
29
32
16
16
31
26
15
15
9
6
9
8
14
25
21
17
17
18
23
18
23
18
28
21
13
23
16
15
20
26
23
29
17
20
17
20
21
21
24