17
31
29
23
20
22
22
29
38
26
18
33
28
20
20
28
21
24
22
21
39
24
36
20
20
39
25
15
21
25
20
18
33
37
20
37
38
18
45
28
30
22
40
31
48
43
29
20
55
55
43
25
22
17
22
63
18
18
32
36
37
25
20
35
33
43
17
29
39
29
29
30
22
20
23
22
26
33
22
20
26
26
30
24
26
26
26
25
17
23
33
28
31
38
56
32
21
22
22
20
26
36
33
21
25
41
38
33
28
29
37
22
23
33
21
32
29
37
35
25
20
17
29
31
37
26
38
20
29
21
17
22
20
14
21
22
26
25
24
22
18
17
17
25
16
24
22
31
28
18
17
28
37
36
22
16
16
24
18
59
16
22
18
25
25
22
24
31
17
18
20
15
26
24
25
21
21
16
17
24
21
21
18
21
24
20
25
47
30
25
17
29
26
29
28
21
21
22
25
32
14
24
23
22
33
20
29
22
15
25
23
23
60
24
16
21
18
25
22
23
36
25
25
21
24
26
29
29
17
62
32
15
23
29
24
24
26
12
52
52
21
18
15
16
12
18
24
24
28
26
26
17
20
23
15
18
17
37
22
25
23
16
20
14
21
22
13
13
23
20
24
31
23
21
20
16
26
25
20
9
12
14
15
18
26
17
39
43
36
28
13
32
37
28
21
15
23
31
20
31
21
35
28
14
21
14
21
28
32
21
16
13
16
33
35
28
25
29
23
24
28
25
23
23
20
20
37
20
16
14
25
21
29
28
23
20
20
20
17
25
43
39
30
28
12
12
21
14
29
41
20
28
29
18
35
20
32
21
23
29
51
43
24
15
29
31
39
45
30
30
32
29
32
30
24
18
26
23
15
26
21
28
25
22
23
17
25
20
28
62
33
28
44
36
23
33
22
16
24
23
28
41
23
28
16
37
37
23
28
29
18
35
30
31
36
28
25
18
28
22
46
48
24
23
37
21
32
29
26
23
29
24
22
14
21
31
47
24
31
29
20
22
21
21
22
25
35
36
43
35
23
31
26
37
32
16
16
17
23
26
26
26
52
41
32
23
24
21
21
16
24
36
28
29
21
30
43
26
24
26
21
35
36
36
21
17
24
37
36
23
36
18
55
39
32
28
22
21
33
29
25
20
32
22
17
15
21
28
21
18
21
31
23
16
23
24
30
20
28
17
29
37
26
30
30
30
20
21
29
25
23
17
31
21
21
25
24
22
26
75
22
21
28
29
26
24
32
25
24
23
23
21
22
15
22
18
17
21
22
22
15
24
31
24
38
24
32
32
28
28
46
26
18
25
28
25
16
18
17
20
25
30
26
18
20
22
16
17
25
22
18
20
29
21
18
20
22
20
32
24
31
22
24
21
15
24
20
16
20
28
25
35
23
21
28
38
32
29
16
18
22
31
23
18
28
15
21
26
18
33
18
22
24
32
26
31
13
44
38
17
32
30
22
36
29
26
22
24
26
23
21
22
39
37
32
20
16
17
33
32
28
14
32
23
24
31
37
25
29
20
18
24
26
23
25
29
40
25
25
29
18
17
12
7
29
45
20
22
26
17
18
31
29
17
31
40
15
13
28
49
25
21
25
33
39
36
30
25
15
13
40
37
41
33
24
22
16
22
31
31
30
46
30
13
37
52
36
20
12
14
35
25
30
15
22
21
39
44
24
18
31
21
21
33
29
29
17
21
17
28
23
26
21
30
18
15
13
37
29
33
26
-
24
25
23
31
17
17
39
15
17
30
56
33
-
10
23
18
28
46
43
21
36
35
26
15
12
40
32
25
37
31
-
16
22
21
21
40
20
31
36
21
20
8
17
22
26
26
26
16
31
38
28
23
18
17
25
36
40
20
24
18
41
48
26
29
33
32
23
20
33
37
20
25
36
22
23
24
24
33
31
33
33
23
17
24
22
28
28
17
26
20
14
23
18
20
23
22
35
35
20
17
24
39
15
22
29
26
16
17
21
20
18
21
18
36
16
21
38
23
28
21
22
21
20
24
18
24
17
23
16
15
23
24
20
38
20
17
23
22
23
29
28
20
23
15
28
25
24
25
37
18
22
25
31
21
23
29
21
17
18
41
25
22
23
-
24
26
25
17
17
24
15
23
31
33
31
22
21
30
17
41
17
46
17
-
24
15
24
16
35
21
21
28
22
16
17
14
20
45
21
18
33
22
17
23
17
26
16
20
32
25
20
20
14
18
20
22
22
21
20
23
35
48
15
24
24
23
26
24
22
22
24
18
16
21
21
26
22
30
44
36
28
6
24
14
22
26
25
52
23
30
31
22
23
31
21
33
30
31
31
20
15
15
15
29
43
26
20
20
23
20
14
31
21
21
29
16
25
35
22
13
15
17
29
38
40
30
18
22
25
21
17
31
16
22
26
23
14
15
38
36
18
25
28
35
44
17
30
29
18
33
49
44
40
23
29
18
49
28
26
18
38
30
29
24
23
20
24
29
25
36
45
20
16
29
43
41
23
29
21
25
22
14
26
22
28
47
32
25
25
31
35
20
25
25
22
25
26
21
16
45
30
40
38
24
30
36
28
13
22
26
25
17
22
18
41
44
29
21
23
15
28
28
23
26
26
25
33
41
48
29
25
37
18
23
21
32
18
31
21
25
45
39
26
24
20
23
25
17
20
17
15
16
20
24
18
20
24
22
45
29
25
36
18
24
24
36
25
36
26
31
35
39
44
35
29
33
22
28
22
23
29
25
17
18
29
36
29
40
28
22
36
18
26
17
22
20
12
20
20
16
23
28
24
33
33
30
24
26
18
17
28
20
21
25
25
15
15
55
22
18
22
22
37
14
25
30
26
38
38
20
21
24
25
24
20
23
21
33
22
20
21
16
17
17
23
25
35
25
17
30
33
31
24
32
40
25
26
22
24
25
18
30
18
23
18
18
20
22
18
30
17
22
33
18
31
24
21
23
33
33
46
23
25
20
20
18
21
21
35
22
44
20
16
22
22
28
30
18
22
17
25
25
22
25
14
18
18
16
18
26
24
18
33
24
22
24
21
21
15
20
30
26
-
18
32
22
26
17
16
18
15
28
21
17
45
26
21
15
30
24
26
26
28
13
17
23
25
21
20
20
22
18
31
15
16
23
28
29
30
17
32
25
29
20
24
23
21
24
21
10
15
13
18
21
33
68
39
20
23
32
31
22
29
23
31
33
33
12
17
24
36
26
17
16
22
21
24
14
17
16
30
36
28
21
28
24
21
17
25
18
12
20
35
17
12
20
21
17
29
17
23
18
12
14
20
38
30
31
52
46
24
18
23
45
37
31
35
41
24
21
22
21
29
23
18
23
18
23
16
20
-
10
24
21
24
22
37
29
39
28
35
26
36
18
24
21
22
13
37
52
36
24
36
36
13
29
23
37
40
22
24
35
29
16
22
28
39
38
38
38
36
17
23
38
22
33
33
25
26
25
28
33
20
49
31
32
24
24
22
33
35
47
33
21
23
25
31
36
28
32
36
10
32
30
33
26
24
25
27
37
36
35
20
32
25
28
24
28
47
28
31
24
30
18
29
25
18
45
35
24
28
28
46
37
24
21
23
18
18
17
23
22
22
18
21
22
31
30
24
39
32
30
21
21
21
18
18
20
21
22
30
35
41
33
21
13
22
21
23
24
29
24
23
17
23
30
24
18
26
35
28
38
30
24
29
23
31
23
17
21
18
18
40
36
26
40
40
22
20
18
25
20
23
24
21
38
32
21
29
22
31
18
18
20
26
18
20
28
66
26
18
60
26
26
18
21
47
23
25
28
25
24
21
29
21
20
17
29
26
17
20
18
29
30
18
16
14
24
17
21
25
44
22
21
20
23
22
20
21
22
21
21
23
20
25
18
15
24
22
17
20
35
30
24
15
24
28
17
15
17
24
26
22
17
14
13
17
23
16
17
18
21
15
16
13
15
39
23
29
29
28
32
26
18
15
15
29
39
30
25
21
16
26
31
26
35
25
14
18
12
26
48
24
28
22
15
18
31
32
20
39
25
35
29
24
18
12
21
44
37
20
18
23
35
44
23
22
41
32
21
18
11
10
13
13
17
30
25
21
22
22
26
24
29
24
36
26
17
30
28
20
26
36
30
36
23
24
21
23
24
26
31